$ANSIBLE_VAULT;1.1;AES256
38343533353765626230376538323430366131383439316533303735383163336133653865333162
3035636536306630316132306133343337326431666365370a353137333465343835646161386234
33666438303763326634616334656566313964663863366566646664306432363934346438303736
3439613863393765640a303962366663663136613439303235633230353434343433373062386137
33333165653563663434656462393166633864663838616464326664333136366434663438323438
30373364666466396361613239333032333234396561316532643862623264313035303138353832
63663237306136323234633466663834376463633361616436336134623333333562393837613037
30656236343537376430666631356361666563623261646130366633353933616464666239346237
33626634306534616635303864636365393630303066383066386564353966326366666365336162
31343336373061376263316139336331393633336539356330333431323133646431316135373434
66353130343632316136353936303234386136626537653963646561363530656265303239646465
64393264313134313962376165333562363633336664643432666261356435386432643234653039
33333738373965666361363332396239343131653632663537343535663362373962643862306161
34336264313536376265393336646166303233396461343464323337313130633332323239363565
33646636653464303166643663636634373136336639393239373465303931613538373837363633
65333964353863653036346431653432666236343531623362653866386662653731336638613136
61346637333739376438376634613561386535626464333039623737656434373032333336636465
35316338616363386134623438323534373333383737663764666332613161386134623534623438
62343335653964313536623761333037353464653336616637373538303430303038323966386635
61393266313333323839613866616431376264393965646362393639626334613066313363326163
31383734363331653333616563353933663434366537636137356263323333343030383436333738
37386431613565313132653736646430356663313631396332636536666138346632636335316537
37393435363664383933346666363437656564636263653036383731316434623931613935306564
63396366303335303139306531633761323263303732623963616436626234653865656631376634
65663339383539626130396639633430326639623838333563633366343132653430356436653831
39383966323133326263643534306633386464313533633631613030356337393038333164333766
61663233326636373736303032616237383461663162366564313032383834643161303033616234
61653064653866626337613638333636383633373064643130636361376237326537643236386662
37666266323634366264643430623830353631346439623466333733353065616266666134636465
32653436336635316237376562353966643362353766343936336263666533633934623536366639
36383331373966633530336630306364346135326536376234636637626136613164363438643035
36663430306661353661643538663365343863343437396131636132363331393234396633333364
35663233656439323038323334663738336332633131303339333034383134356561313032323062
35323962356663326434333466623337363964626462386561383039376436336435383537323932
34623030353732336133313335653131346634376237663966333032396239333861343233616539
31643266393035393132613338373066306566613466636263623431366234633163383662613164
33313864613536393638313132633937366332396365343365313962323739336531653933616365
39336139373939326331643265323332323534376530363666316236316662373063666465383931
34373131396164386662373439386436343137646236663932366562663231363833343066383639
38386363313734666631303031623961666634626237386131386662636433396264663164643161
63313131646465396234346539376333653839353161356132326434656662613039363931313033
34613236333832346231616633303833626538613035393765623536626664396139336163396536
32643036646361623666653830656631343463333936646531316261313662363761306135333335
64356364313031373437653133626535346539366131386364333561363933656539633565336330
63313938656232333736306133616565653832366464616532643033306539326564666164366437
66323333396564616235333231386432363862343430333930323830313736343466646266633466
31653731643035636334383133346161633435306362356336356234623738353935383236386365
35653635396465613665333531336461363632353432656533313365313735633135653132643536
63663539633138613837326138613933323830316339396232353639656362623435616166636232
39663330613035383833646236663332313630643836346466343739323134613465393963653832
31366531386437323738623164623431636565333164376265393337326464336665333037626161
32396537653338646465623065323766386366363634346535643161656533653239646662663064
62363933323031653863393937383436653231653339343430323331643232623731363961633839
30393961663264373938653639373064316463663265643361623330396535363633636264646533
62333538303633373533666564366461633362383331663063316134376432626336623739666430
61396263373236613738323030303261646233343533616631316437373037653839316361613765
30363338616664326463653536363938663638613462373065623861343865356164643839313932
30643037383836623061393439643138663164373332643064376361306237306139623439613238
37666163333736363532316565316631303237636635663961343661616639386530373066653437
39646137646262633133656130383934353235363933313430643232386266393532323765343133
39623963616466306237663865613132306239373961386236663339306363363561353633303564
32376130303137363063336665383034383166643834333363333363336430303938383730383839
66343062336565373462326266393734623865313039663866363534323662633631356339613635
30653932373337336337623963373931316535626533306532663765343730643461336165663031
66363438653963373435343665666535633464653635326534636466343362663163363832323633
64386561313265383834343432643439383761343231313961353638376439393436343130386236
66396138363932343365363732643161363437346139393833633737363432393039623235336463
65336265303435333161383233383161633634333766303938313066353330326433303965313038
30316331616131643138333330623165366530626439376634663164333733373831383665656134
37326163636464343066326463326565653138396461343136393539326333643934646330303132
34353131613434323736383934656233366439353532336438383933623631373432346265356236
62363338393834383039393466306164663264623232633362613863373066643262386439616464
31356264613237373130363730633336616364353236316464633761643330376231646638356136
62636363623361376137623965646330633632376366663334353937626664303264323338326435
62343030356461633562383362653539326465393538356366396164636333383066636135616339
33646138386133383232303061353663323565326231346232323930313630353632383161643031
34383337323730303533373035333930326465623964336666653636326266623364666164656164
37653432306463616138636136623232616330663765666635333266373563383864623831643634
37333663393731663032633661303437313031303138373966666162623365313630376137613333
38343762316138323734376366613465376432663964646331343264653265376234616231663762
32373365343138313835363961623430663164633865633265376561363838356335643036383432
64396532393765303031663365393630646435616235373434383036316366663138343939633737
30626332353030396335653833316565303431343566353735646137626563363161303563313561
61623638663336633237366563636533393861336466333737386161616536663238613431393333
61343936333631366662353832616433666566383132323231646365383139343766363436383462
39353938633030343137353661633530396663383965316430346163663962333061336666643837
30653630303939636330666434636433326536366461666233633162393366303534363831383966
31336631323736316361643065383331333338633864346330623664643333393532383063333938
36663061666339343261626533626537363262323361666532653366396537366137346266323163
35626266653836313462316463316137303262373138313863626266633136353439376161343062
38316635313965336634336363383637306234663430366536613634663735656262336238636234
66313261656366633138386664366432666533336562386262383834616564613033336130393935
62323564386164383438393738653033363838643564386666313332633236663139373561386432
66363866666130636230393036313933373762646433303934346166623130356439616266366334
39323832313066636237663330653863616533643231656633646634633465313363393766326265
33373431306362323536356430323635363532643638353631336366623938333530633664643532
66303339396361643739666237656161656536333231316265633166636230316264663763386430
62643565313531616666313034343536393736616166363134333063626631626332626665653131
38656336383265393037646435333336333362323236383433313734303262663831656262326532
35346233643338613431373663663037663231643932346166653465623533363566336162396534
34346662396336393439383639326462666262376266343633653533333262373336316362393337
31373562353333663561313634373837633935633738636334653639373138383465323135636366
30653961653837656138326664303232306235653131663762623230323465356661346535373638
31313634643139343037646531373436336539616336633736396338353030343034373339613834
30303230623835313939353161303630626439316532326664393437383963386137326639393838
61643862393538633261616431366239343031663137373666656534366438343435316561623234
61373962646461633461346133323261626563373236626135373930393834666532643162363737
31643339633331346637316335313364383766626663323738376437626565616366393039613337
31303735376465643862383165393138313236353233353939396531366432663833633663643464
64363666303935626431613466326138306437656262383539356261323464323137663931616633
63333361653134366662303161316231613738393331623034313466666638343539373830366537
66666438633838623336346539623662643266626634396636656132343030383138653931616362
37663736353965666435643562313136633362333431386264333730393531303130616137373433
30356532343065313862396364653230346162396534383132616135323664613638353564653830
31343232383764646137396666396136653565363033356162323330376330626363326266613133
62333363373036333838356431663437313737663265336635313837383230633831633938373765
36376464396531383531343139373166396437353833633734386236386330356138386164633934
32613639626637666537656135323538396135663536303037353763646235353833656139313766
38616434653162353362613166343665616534386431353864353334306266653133356362623230
35343962333933393366636637323036373461353663366162636361393461366261363634346563
31383335313566383764623434666165333930303135383137353665346338623963333836626331
39623439353430353962393161386633653838666263363436656632663736306561623234326266
36653964316663353233386661313436383163613831326438663730306166643039643733353738
38633466353864356661623833306238393734376431643566626530656566363639343431316136
65313861346464373265386162616637343038656539666234656463303065353563343839306330
33363636333137613635353431623132323038313434636632386636346531633033373938613861
38653135616134623363303334383635363065323232626332373532333664656464336166313032
65643864316633666361633364653935343963623066626233383761326463396664326636623964
63616361653534316531383262643263666433323362303033656132636439643436343139366665
65336433326661663535383366653261343864393162333761343137383365343532636564613432
39363136353036376331613239326361336361353064326463353262303763393931393061343439
32326464343537636532636135316338633762356537616262303833386162323139333235353639
30636562653930643737343736333635313338383331363636323062386239373332636263636434
3764313332373561656364383331346564303234373634313464
